# This file may be used to create an environment using:
# $ conda create --name <env> --file <this file>
# platform: linux-64
_libgcc_mutex=0.1=conda_forge
_openmp_mutex=4.5=1_gnu
blas=1.0=mkl
bzip2=1.0.8=h516909a_3
ca-certificates=2021.1.19=h06a4308_0
certifi=2020.12.5=py37h06a4308_0
cloudpickle=1.2.2=py_0
cycler=0.10.0=py37_0
cytoolz=0.10.1=py37h7b6447c_0
dask-core=2.9.0=py_0
dbus=1.13.12=h746ee38_0
decorator=4.4.1=py_0
docopt=0.6.2=py37_0
expat=2.2.6=he6710b0_0
fastrlock=0.5=py37hcd2ae1e_2
ffmpeg=4.3.1=h3215721_1
fontconfig=2.13.0=h9420a91_0
freetype=2.9.1=h8a8886c_1
glib=2.63.1=h5a9c865_0
gmp=6.2.0=he1b5a44_3
gnutls=3.6.13=h79a8f9a_0
gst-plugins-base=1.14.0=hbbd80ab_1
gstreamer=1.14.0=hb453b48_1
icu=58.2=h9c2bf20_1
imageio=2.6.1=py37_0
intel-openmp=2019.4=243
jpeg=9b=h024ee3a_2
kiwisolver=1.1.0=py37he6710b0_0
lame=3.100=h14c3975_1001
libedit=3.1.20181209=hc058e9b_0
libffi=3.2.1=hd88cf55_4
libgcc-ng=9.3.0=h2828fa1_18
libgfortran-ng=7.3.0=hdf63c60_0
libgomp=9.3.0=h2828fa1_18
libiconv=1.16=h516909a_0
libpng=1.6.37=hbc83047_0
libstdcxx-ng=9.3.0=h6de172a_18
libtiff=4.1.0=h2733197_0
libuuid=1.0.3=h1bed415_2
libxcb=1.13=h1bed415_1
libxml2=2.9.9=hea5a465_1
matplotlib=3.1.1=py37h5429711_0
mkl=2019.4=243
mkl-service=2.3.0=py37he904b0f_0
mkl_fft=1.0.15=py37ha843d7b_0
mkl_random=1.1.0=py37hd6b4f25_0
ncurses=6.1=he6710b0_1
nettle=3.4.1=h1bed415_1002
networkx=2.4=py_0
numpy=1.17.4=py37hc1035e2_0
numpy-base=1.17.4=py37hde5b4d6_0
olefile=0.46=py_0
openh264=2.1.1=h8b12597_0
openssl=1.1.1i=h27cfd23_0
pcre=8.43=he6710b0_0
pillow=6.2.1=py37h34e0f95_0
pip=19.3.1=py37_0
pyparsing=2.4.5=py_0
pyqt=5.9.2=py37h05f1152_2
python=3.7.5=h0371630_0
python-dateutil=2.8.1=py_0
python_abi=3.7=1_cp37m
pytz=2019.3=py_0
pywavelets=1.1.1=py37h7b6447c_0
pyyaml=5.3.1=py37h7b6447c_1
qt=5.9.7=h5867ecd_1
readline=7.0=h7b6447c_5
scikit-image=0.15.0=py37he6710b0_0
scipy=1.3.2=py37h7c811a0_0
setuptools=42.0.2=py37_0
sip=4.19.8=py37hf484d3e_0
six=1.13.0=py37_0
sqlite=3.30.1=h7b6447c_0
tk=8.6.8=hbc83047_0
toolz=0.10.0=py_0
tornado=6.0.3=py37h7b6447c_0
wheel=0.33.6=py37_0
x264=1!152.20180806=h14c3975_0
xz=5.2.4=h14c3975_4
yaml=0.2.5=h7b6447c_0
zlib=1.2.11=h7b6447c_3
zstd=1.3.7=h0b5b093_0
